# Pose of /marker_hand_frame in /marker_object_frame expressed with a translation vector and the angle-axis rotation
trans_x: 0.133628108411115
trans_y: -0.0664458944781502
trans_z: 0.0383148987995896
q_x: -0.655569879633558
q_y: 0.0111028802485602
q_z: 0.0444558360360455
q_w: 0.7537430182826